                                                           
  0.662142440163456 0.331097384422353                      
  0.365538042420704 0.591834764984075                      
  0.332409028993968 0.530836791815462                      
  0.608776026464293 0.623347167261847                      
  0.483751702665888 0.313000675610462                      
  0.554047480054485 0.575089277096805                      
  0.61417590971006 0.273477463565293                       
  0.530404748005449 0.170253836502268                      
  0.618213660245184 0.286844899141010                      
   0.58309009534929 0.299584982144581                      
   0.818203930725822 0.503378052311553                     
   0.53716676396186 0.302963034456134                      
   0.390542907180385 0.585126918251134                     
   0.427028604786924 0.302963034456134                     
   0.518923915158591 0.208425827622816                     
   0.575647013037556 0.286844899141010                     
   0.443228254524227 0.315703117459705                     
   0.344570928196147 0.388089952707268                     
   0.87293247713563 0.510037641154329                      
   0.761480832846857 0.49396776372937                      
   0.443228254524227 0.497345816040923                     
   0.602014010507881 0.191680339735547                     
   0.449990270480638 0.284190715181932                     
   0.497956800934034 0.310346491651385                     
   0.628381007978206 0.132709197953865                     
   0.593889861840825 0.27009941125374                      
   0.510118700136213 0.235257214554580                     
   0.263524031912823 0.447061094488949                     
   0.489832652266978 0.272801853102982                     
   0.529042615294804 0.254029533828781                     
   0.659466822338976 0.250651481517228                     
   0.606732827398326 0.300936203069202                     
   0.459427904261530 0.184972493002606                     
   0.627699941622884 0.340507673004536                     
   0.739832652266978 0.732603030595502                     
   0.512161899202179 0.280812662870379                     
   0.511480832846857 0.192355950197857                     
   0.227038334306285 0.230576199208571                     
   0.354057209573847 0.650805906765756                     
   0.321609262502432 0.639417044686806                     
   0.655380424207044 0.302963034456134                     
   0.442547188168904 0.467184634687771                     
   0.291885580852306 0.406186661519158                     
   0.722270869819031 0.28148827333269                      
   0.517561782447947 0.545603706205965                     
   0.46283323603814 0.25871054917479                       
   0.560809496010897 0.22990058874626                      
   0.302685347343841 0.54623105877811                      
   0.505399883245768 0.296255187723193                     
   0.537847830317182 0.238587008975968                     
   0.455390153726406 0.519447929736512                     
   0.693228254524226 0.48793552745874                      
   0.378381007978206 0.530161181353151                     
   0.561490562366219 0.315703117459705                     
   0.401342673671921 0.400830035710839                     
   0.731076084841409 0.332448605346974                     
   0.371618992021794 0.3049416079529                       
   0.394580657715509 0.560322362706302                     
   0.576328079392878 0.400830035710839                     
   0.368894726600506 0.480552070263488                     
   0.476357267950963 0.380030885049706                     
   0.6540182914964 0.353875108580253                       
   0.561490562366219 0.111910047292732                     
   0.550642148277875 0.234581604092269                     
   0.351332944152559 0.590483544059454                     
   0.585133294415256 0.530161181353151                     
   0.511480832846857 0.347167261847312                     
   0.526318349873516 0.317006080494161                     
   0.610138159174937 0.347167261847312                     
   0.368213660245184 0.331772994884664                     
   0.639861840825063 0.404159830132227                     
   0.620937925666472 0.21851172666731                      
   0.566209379256665 0.152832738152688                     
   0.578371278458844 0.354550719042563                     
   0.622300058377116 0.308995270726764                     
   0.564847246546021 0.634060418878487                     
   0.616219108776026 0.317681690956471                     
   0.423623273010313 0.247997297558151                     
   0.509437633780891 0.216484895280378                     
   0.591895310371668 0.405511051056848                     
   0.652023740027243 0.439002026831387                     
   0.62025685931115 0.182993919505839                      
   0.625656742556918 0.472541260496091                     
   0.627018875267562 0.259386159637101                     
   0.495281183109554 0.456423125180967                     
   0.643218525004865 0.264742785445420                     
   0.562804047480055 0.20712286458836                      
   0.58309009534929 0.330421773960042                      
   0.708746837906207 0.349869703696554                     
   0.54324771356295 0.251327091979539                      
   0.362813776999416 0.349194093234244                     
   0.395942790426153 0.309670881189074                     
   0.735794901731854 0.521474761123444                     
   0.331727962638646 0.467184634687771                     
   0.303366413699163 0.351220924621176                     
   0.405380424207044 0.269423800791429                     
   0.310128429655575 0.428964385677058                     
   0.416228838295388 0.276807257986681                     
   0.363494843354738 0.558295531319371                     
   0.625656742556918 0.45376894122189                      
   0.276999416228838 0.274153074027603                     
   0.697947071414672 0.371296206929833                     
   0.452033469546604 0.123974519833993                     
   0.637137575403775 0.324389537689412                     
   0.68510410585717 0.435672232409999                      
   0.571609262502432 0.261412991024032                     
   0.61417590971006 0.199739407393109                      
   0.550642148277875 0.29890937168227                      
   0.526318349873516 0.283515104719622                     
   0.179704222611403 0.52880996042853                      
   0.443909320879549 0.396100762474665                     
   0.550642148277875 0.173583630923656                     
   0.54932866316404 0.359907344850883                      
   0.427709671142246 0.199063796930798                     
   0.48443276902121 0.50535662580832                       
   0.560809496010897 0.298282019110124                     
   0.365538042420704 0.255380754753402                     
   0.614856976065382 0.394122188977898                     
   0.393218525004865 0.375349869703696                     
   0.678342089900759 0.266769616832352                     
   0.302685347343841 0.221165910626387                     
   0.472951936174353 0.258034938712480                     
   0.713514302393462 0.265418395907731                     
   0.712152169682818 0.215809284818068                     
   0.437828371278459 0.276807257986681                     
   0.497956800934034 0.25871054917479                      
   0.529042615294804 0.331772994884664                     
   0.596614127262113 0.245970466171219                     
   0.543928779918272 0.380706495512016                     
   0.545242265032107 0.310346491651385                     
   0.531766880716093 0.219187337129621                     
   0.584452228059934 0.246646076633530                     
   0.570247129791788 0.571035614322942                     
   0.631056625802685 0.349869703696554                     
   0.673623273010313 0.235257214554580                     
   0.724995135240319 0.449087925875881                     
   0.33309009534929 0.415548692211177                      
   0.462152169682818 0.491940932342438                     
   0.256080949601090 0.406862271981469                     
   0.248637867289356 0.434321011485378                     
   0.502675617824479 0.514766914390503                     
   0.59257637672699 0.130006756104623                      
   0.560809496010897 0.335102789306052                     
   0.603376143218525 0.28752050960332                      
   0.393218525004865 0.294228356336261                     
   0.634461957579296 0.384711900395715                     
   0.389180774469741 0.274780426599749                     
   0.344570928196147 0.295579577260882                     
   0.325647013037556 0.557668178747225                     
   0.348657326328079 0.558971141781681                     
   0.502675617824479 0.388089952707268                     
   0.459427904261530 0.240613840362899                     
   0.106732827398327 0.378679664125084                     
   0.0540474800544853 0.383360679471093                    
   0.602695076863203 0.325065148151723                     
   0.555409612765129 0.378004053662774                     
   0.338489978595057 0.250024128945083                     
   0.726989686709477 0.303638644918444                     
   0.162142440163456 0.378004053662774                     
   0.233119283907375 0.510713251616639                     
   0.404699357851722 0.524128945082521                     
   0.408104689628332 0.144098060032815                     
   0.41958552247519 0.321735353730335                      
   0.356732827398327 0.284866325644243                     
   0.704028021015762 0.425586333365505                     
   0.629694493092041 0.408840845478236                     
   0.366219108776026 0.238587008975968                     
   0.635143023934618 0.563700415017855                     
   0.249318933644678 0.415548692211177                     
   0.312171628721541 0.378679664125084                     
   0.612132710644094 0.573738056172184                     
   0.576328079392878 0.686999324389538                     
   0.707433352792372 0.119293504487984                     
   0.545242265032107 0.691004729273236                     
   0.69459038723487 0.178264646269665                      
   0.754037750535124 0.168227005115336                     
   0.418223389764546 0.140768265611427                     
   0.656061490562366 0.373323038316765                     
   0.435104105857171 0.213830711321301                     
   0.563485113835376 0.361258565775504                     
   0.652704806382565 0.728549367821639                     
   0.395942790426153 0.256683717787858                     
   0.305409612765129 0.631357977029244                     
   0.245962249464876 0.526831386931763                     
   0.304728546409807 0.502026831386932                     
   0.29324771356295 0.48793552745874                       
   0.341214244016346 0.439677637293698                     
   0.449309204125316 0.560997973168613                     
   0.255399883245768 0.180967088118907                     
   0.501362132710644 0.414197471286555                     
   0.574965946682234 0.188350545314159                     
   0.614856976065382 0.4772222758421                       
   0.567571511967309 0.325740758614033                     
   0.577690212103522 0.216484895280378                     
   0.485794901731854 0.520123540198822                     
   0.523642732049037 0.45980117749252                      
   0.538480249075696 0.461779750989287                     
   0.448628137769994 0.226522536434707                     
   0.420947655185834 0.223192742013319                     
   0.399980540961276 0.49464337419168                      
   0.312171628721541 0.592510375446386                     
   0.560128429655575 0.345188688350545                     
   0.731076084841409 0.404835440594537                     
   0.733751702665888 0.142746839108194                     
   0.533080365829928 0.268120837756973                     
   0.46283323603814 0.467184634687771                      
   0.385143023934618 0.483930122575041                     
   0.135143023934618 0.453093330759579                     
   0.53984238178634 0.111282694720587                      
   0.53376143218525 0.356577550429495                      
   0.314166180190699 0.395425152012354                     
   0.489200233508465 0.665572821156259                     
   0.329733411169488 0.195734002509410                     
   0.681747421677369 0.314351896535083                     
   0.329733411169488 0.51674548788727                      
   0.275685931115003 0.469163208184538                     
   0.359457092819615 0.502026831386932                     
   0.352014010507881 0.444358652639707                     
   0.417542323409224 0.450390888910337                     
   0.414866705584744 0.348518482771933                     
   0.466870986573263 0.777482868448991                     
   0.58917104495038 0.386738731782646                      
   0.372300058377116 0.402808609207605                     
   0.327690212103522 0.266769616832352                     
   0.687147304923137 0.71315510085899                      
   0.924985405720957 0.51674548788727                      
   0.647304923136797 0.463806582376219                     
   0.540523448141662 0.330421773960042                     
   0.568252578322631 0.378004053662774                     
   0.582409028993968 0.423607759868739                     
   0.320928196147110 0.290898561914873                     
   0.647304923136797 0.671605057426889                     
   0.751313485113835 0.850545314158865                     
   0.404699357851722 0.361258565775504                     
   0.581727962638646 0.518772319274201                     
   0.609457092819615 0.25267831290416                      
   0.411461373808134 0.258034938712480                     
   0.66958552247519 0.369317633433066                      
   0.3364954271259 0.3049416079529                         
   0.708746837906207 0.489962358845671                     
   0.610138159174937 0.376701090628318                     
   0.310128429655575 0.20712286458836                      
   0.347976259972757 0.325740758614033                     
   0.277680482584160 0.155486922111765                     
   0.66009924109749 0.406186661519158                      
   0.557404164234287 0.455747514718656                     
   0.501994551469157 0.605250458449957                     
   0.591214244016346 0.317681690956471                     
   0.266199649737303 0.096515780330084                     
   0.298647596808718 0.142071228645884                     
   0.349970811441915 0.481903291188109                     
   0.518242848803269 0.390744136666345                     
   0.552004280988519 0.270775021716051                     
   0.647304923136797 0.341135025576682                     
   0.606732827398326 0.416899913135798                     
   0.189190503989103 0.44305568960525                      
   0.65742362327301 0.156162532574076                      
   0.631056625802685 0.242640671749831                     
   0.743237984043588 0.249348518482772                     
   0.201352403191282 0.558295531319371                     
   0.292566647207628 0.247997297558151                     
   0.606051761043005 0.675610462310588                     
   0.354738275929169 0.405511051056848                     
   0.430385288966725 0.434321011485378                     
   0.449309204125316 0.423607759868739                     
   0.683790620743335 0.254705144291092                     
   0.377699941622884 0.440353247756008                     
   0.624975676201596 0.362609786700125                     
   0.547966530453395 0.400154425248528                     
   0.558085230589609 0.191680339735547                     
   0.646623856781475 0.219862947591931                     
   0.353376143218525 0.273477463565293                     
   0.607413893753649 0.362609786700125                     
   0.53108581436077 0.371971817392144                      
   0.37974314068885 0.343837467425924                      
   0.476357267950963 0.723192742013319                     
   0.278361548939482 0.535517807161471                     
   0.408785755983654 0.213155100858990                     
   0.382418758513329 0.333799826271595                     
   0.406742556917688 0.463130971913908                     
   0.222270869819031 0.386063121320336                     
   0.423623273010313 0.389392915741724                     
   0.28376143218525 0.238587008975968                      
   0.187828371278459 0.410192066402857                     
   0.46283323603814 0.564327767590001                      
   0.415547771940066 0.292249782839494                     
   0.383099824868651 0.151481517228067                     
   0.249318933644678 0.365263970659203                     
   0.554728546409807 0.411543287327478                     
   0.216189920217941 0.484605733037352                     
   0.380375559447363 0.200415017855419                     
   0.352695076863203 0.141443876073738                     
   0.723633002529675 0.392770968053277                     
   0.70334695466044 0.822410964192645                      
   0.406061490562366 0.593861596371007                     
   0.693228254524226 0.875349869703696                     
   0.372981124732438 0.207798475050671                     
   0.237838100797821 0.205771643663739                     
   0.449309204125316 0.181642698581218                     
   0.682428488032691 0.772126242640672                     
   0.908104689628332 0.96047678795483                      
   0.95334695466044 0.940353247756008                      
   0.982389569955244 0.900830035710839                     
   0.562171628721541 0.94908792587588                      
   0.581727962638646 0.99464337419168                      
   0.571609262502432 0.900830035710839                     
   0.605370694687682 0.920229707557185                     
   0.687147304923137 0.93702345333462                      
   0.652704806382565 0.900830035710839                     
   0.486475968087176 0.945709873564328                     
   0.535123564895894 0.94170446868063                      
   0.506762015956412 0.900830035710839                     
   0.810809496010897 0.96047678795483                      
   0.856051761043005 0.940353247756008                     
   0.885094376337809 0.900830035710839                     
   0.713514302393462 0.96047678795483                      
   0.758756567425569 0.940353247756008                     
   0.787799182720374 0.900830035710839                     
   0.416228838295388 0.908165235015925                     
   0.464195368748784 0.900830035710839                     
   0.345933060906791 0.908165235015925                     
   0.393899591360187 0.900830035710839                     
   0.275685931115003 0.908165235015925                     
   0.323652461568398 0.900830035710839                     
   0.205390153726406 0.908165235015925                     
   0.253356684179802 0.900830035710839                     
   0.135143023934618 0.908165235015925                     
   0.183109554388013 0.900830035710839                     
   0.502675617824479 0.0717112247852524                    
   0.550642148277875 0.064327767590001                     
   0.572971395213076 0.0717112247852524                    
   0.620937925666472 0.064327767590001                     
   0.643218525004865 0.0717112247852524                    
   0.69118505545826 0.064327767590001                      
   0.713514302393462 0.0717112247852524                    
   0.761480832846857 0.064327767590001                     
   0.78376143218525 0.0717112247852524                     
   0.831727962638646 0.064327767590001                     
   0.854057209573847 0.0717112247852524                    
   0.902023740027243 0.064327767590001                     
   0.924304339365635 0.0717112247852524                    
   0.97227086981903 0.064327767590001                      
   0.416228838295388 0.940353247756008                     
   0.464195368748784 0.932969790560757                     
   0.345933060906791 0.940353247756008                     
   0.393899591360187 0.932969790560757                     
   0.0758881321820666 0.926303156712905                    
   0.0992736476544415 0.937403161421133                    
   0.0730928949624295 0.0632134341279476                   
   0.104820577871258 0.0705270018864855                    
   0.129921550991979 0.0673704712389469                    
   0.157288850189675 0.0732076744147077                    
   0.177496226569958 0.0650702689931228                    
   0.203591835367336 0.069069412245272                     
   0.238655622407468 0.0631203950446531                    
   0.261536299586425 0.0670681826461538                    
   0.289580176168081 0.0741924988495618                    
   0.310549059274089 0.0694073754845619                    
   0.335938380578778 0.0609604427328765                    
   0.377434922710138 0.0753753179980874                    
   0.397250523004281 0.0680508261144593                    
   0.415892884245504 0.079304755094318                     
   0.441215584731546 0.0653420725156053                    
   0.475238562281891 0.0766420363884851                    
   0.327415134074607 0.924614575177994                     
   0.293860800195163 0.940698965572384                     
   0.274360930925082 0.932408405177858                     
   0.242473951035503 0.92515180982985                      
   0.207924575213836 0.929635350251202                     
   0.182420094554351 0.93971812194549                      
   0.149706788131243 0.928506787394737                     
   0.941613954700894 0.0982564831584764                    
   0.955663724513157 0.130081812656456                     
   0.94341608790624 0.141553376783172                      
   0.950278090163498 0.181017258102152                     
   0.954154424094028 0.207721303021197                     
   0.961189175592168 0.229855446828714                     
   0.951264274748406 0.256097950459226                     
   0.951039393678672 0.285434250937134                     
   0.944821249888643 0.319543508750261                     
   0.956448822081453 0.332414559440154                     
   0.950430312975674 0.359072893175286                     
   0.951575798866703 0.389824064994735                     
   0.945503305456965 0.414921550174339                     
   0.945925566045931 0.452330414108611                     
   0.953266643117546 0.465409540748426                     
   0.952849847156919 0.498515153648118                     
   0.942893690796933 0.524074433342862                     
   0.94206321478299 0.553548571908739                      
   0.954208313035211 0.582217928290783                     
   0.959924707183978 0.61549715016783                      
   0.953314251638382 0.627352420922891                     
   0.95257041815146 0.654356816808807                      
   0.951872957669563 0.692260435606982                     
   0.961054307668834 0.719788535159301                     
   0.951505239637933 0.732208384029371                     
   0.955008164764746 0.77603585715904                      
   0.95338322754427 0.78649920386719                       
   0.946129776746399 0.813256671661013                     
   0.946515721724733 0.855720118441644                     
   0.955938595658532 0.874139360830728                     
   0.080146960508195 0.936828320408644                     
   0.0475500154228012 0.94069734111003                     
   0.0589814454468961 0.920096333651685                    
   0.121842893496840 0.950679999172925                     
   0.0505386125435228 0.0667158615839168                   
   0.0455406129964734 0.0358581784947712                   
   0.0713903205687175 0.0460788165380184                   
   0.093870739998499 0.0366026636467252                    
   0.123405886352096 0.0519888270947088                    
   0.151351493124408 0.0508582341971744                    
   0.172008064720168 0.0517752054448176                    
   0.205982765782468 0.0473750793815527                    
   0.223943732466223 0.0403084056752671                    
   0.254992752433883 0.0485216151618336                    
   0.280739687991288 0.0331242545296375                    
   0.309180923454878 0.0517074386005227                    
   0.348435059719964 0.0527762488809351                    
   0.366505947953167 0.0400493792605523                    
   0.400180355511205 0.0478539656263713                    
   0.429241102238548 0.0487594448330749                    
   0.446890621960048 0.0470184444843728                    
   0.466952371205851 0.0424177651314933                    
   0.49938536765816 0.0374377290684568                     
   0.534198200582529 0.0337056875241758                    
   0.553475404548915 0.0414448834735738                    
   0.586379444154267 0.0440005046607764                    
   0.617631516610391 0.0362389913633304                    
   0.6449412750533 0.0378392916045921                      
   0.662693891205298 0.0408048579016538                    
   0.689475999525676 0.0304079702788802                    
   0.726823094159123 0.0344343864232140                    
   0.748799917126287 0.0356599101949321                    
   0.777783238668039 0.0292508586648689                    
   0.802067150853142 0.0461960771133961                    
   0.835070777978147 0.0443123198825704                    
   0.84993181267583 0.0451333044715064                     
   0.874881828000453 0.0462588879013272                    
   0.915833708494417 0.0289938512177976                    
   0.93517089557179 0.0351198273584084                     
   0.969693320543306 0.0383019370039763                    
   0.680250111016654 0.95190218026579                      
   0.664628883386717 0.965834931603788                     
   0.636908736366702 0.964594012408672                     
   0.61424519105358 0.950844157760186                      
   0.319886576418274 0.959444568956425                     
   0.296120458206771 0.96821153430563                      
   0.262615619023178 0.950631746070614                     
   0.229855563321475 0.955681013472533                     
   0.219336078743943 0.959818187237872                     
   0.179455270749555 0.961996156194402                     
   0.158554020093961 0.955086158484375                     
   0.451635116360404 0.963619775491838                     
   0.439238628675029 0.96248907562725                      
   0.401739697895912 0.974007909748775                     
   0.384038034717997 0.957632274603543                     
   0.346683108299653 0.9565584568857                       
   0.972724725117794 0.105802121089220                     
   0.978687756148054 0.12219736942646                      
   0.97373083126068 0.147535743909443                      
   0.971975185966938 0.170366554837752                     
   0.978723342169895 0.194828620864671                     
   0.979607478136084 0.233732760594411                     
   0.970934956509507 0.258922566584080                     
   0.973479171500429 0.293932750460983                     
   0.98271052493982 0.313049692253457                      
   0.987580018148645 0.329104229530717                     
   0.970354636351465 0.357878799724382                     
   0.983616273210271 0.390927705538032                     
   0.987311146513446 0.408289790755233                     
   0.984724513187892 0.44386344596339                      
   0.974517666034288 0.467084244778582                     
   0.981343408630117 0.507417053985195                     
   0.98741892844241 0.529796831681702                      
   0.987426472420691 0.5455250046159                       
   0.975151403488479 0.578618442349551                     
   0.973601301622464 0.609731203371666                     
   0.971660898083708 0.631927101544627                     
   0.974795180552526 0.66864351965219                      
   0.978554323551132 0.690574516376178                     
   0.986831188847198 0.711098059524071                     
   0.97857101338718 0.732292642142428                      
   0.973504244636632 0.761571942293412                     
   0.969281037159151 0.800825357204214                     
   0.976708944586924 0.819103660839112                     
   0.985431849465593 0.847172880777183                     
   0.975296432974636 0.877837202221695                     
   0.527752411306556 0.975720694744948                     
   0.505565238361136 0.963622453561972                     
   0.105323481431152 0.977503570970136                     
   0.0734972393078988 0.979450785489741                    
   0.0524401537846858 0.972282812916662                    
   0.0308363320751289 0.943776316373082                    
   0.0281460762888367 0.910695511489988                    
   0.0256405519813473 0.880105263368517                    
   0.0261024650817911 0.8708369584072                      
   0.0231769290033901 0.82913623698726                     
   0.0286151427056814 0.800125705672096                    
   0.0352554699106316 0.791622228378507                    
   0.0199001454681332 0.7519153396725                      
   0.0253490163318986 0.72251150977236                     
   0.0212665788389916 0.700423900358765                    
   0.0256230712428863 0.674801970552517                    
   0.0197018633296887 0.64745969234993                     
   0.0262499927429656 0.622336142864767                    
   0.0359072050105954 0.602089474458413                    
   0.0322875410577456 0.559484716091887                    
   0.035706260402518 0.54263358465588                      
   0.026461633777077 0.518532419141857                     
   0.0291198251795197 0.491096678532613                    
   0.0267478574373002 0.464419252922196                    
   0.0192241901558066 0.433765695536355                    
   0.0220026004852901 0.416880187875846                    
   0.0270183544399390 0.378750436766744                    
   0.0245053979873831 0.360866150655932                    
   0.0357418912302876 0.332224877686804                    
   0.027527785382996 0.300912616994273                     
   0.0233909572594041 0.280960456781547                    
   0.0226073844151745 0.245988378945673                    
   0.0327988739803607 0.210025516699419                    
   0.0310973140763292 0.197586900752797                    
   0.0203486165989364 0.170531963303922                    
   0.0183372146010573 0.133165572107491                    
   0.0321421762582088 0.11550700329164                     
   0.0240077336437911 0.976710640514175                    
   0.982543121245014 0.0127762926209084                    
   0.120987421734942 0.983985855189905                     
   0.00838023510956468 0.092386549990239                   
   0.0138339767717689 0.0631506457505981                   
   0.00958586802901032 0.0291590197575017                  
   0.0392207644040803 0.00863643492360774                  
   0.0640913204926993 0.0138314472024626                   
   0.092438594043458 0.0246334283917508                    
   0.117967893899453 0.022157692851249                     
   0.150888947865483 0.0212438135666138                    
   0.183805478355236 0.0252148752033076                    
   0.195945896174602 0.0259481549986935                    
   0.232984433091851 0.0181986973180732                    
   0.267044015159028 0.0066574207346252                    
   0.283946965046187 0.0127987845826260                    
   0.304444296468464 0.0116230391596741                    
   0.33330574259559 0.00841382842765365                    
   0.364011083894486 0.006934242604982                     
   0.387677289941879 0.0134760731390974                    
   0.414273284984183 0.0128074436008296                    
   0.443054256324542 0.00954292849426333                   
   0.470203817519076 0.018505343015056                     
   0.495303948501296 0.00867012416647864                   
   0.539354950856419 0.0198267669899587                    
   0.553263372415202 0.0137802404787589                    
   0.583909951646169 0.00728812595067662                   
   0.614448075825467 0.00465618588665617                   
   0.629802023823015 0.00302009811328841                   
   0.657244756749304 0.0206325611908187                    
   0.682874915003704 0.00829878612125409                   
   0.727499264034201 0.0119530134711612                    
   0.74938784652504 0.0153676119696547                     
   0.764858822803057 0.0181293626751949                    
   0.799813004338681 0.0121566568099160                    
   0.826240182561198 0.000933973036539975                  
   0.851561540191223 0.0188395568419446                    
   0.890878610193413 0.0161263242474024                    
   0.901631703902482 0.008363344084305                     
   0.941372810027532 0.00259416939394665                   
   0.953521102425443 0.00170632329473389                   
   0.992560464092504 0.0493245107189689                    
   0.987374355671901 0.0762708794855013                    
   0.988417666405413 0.989678964049294                     
   0.974379087264169 0.97924086279489                      
   0.944902268870422 0.983420504557639                     
   0.90884881453605 0.991211738113984                      
   0.886356541945002 0.994730134855694                     
   0.851119370776108 0.990508246522135                     
   0.829486713806216 0.98141589097932                      
   0.814793788872253 0.989466451106331                     
   0.780855832732977 0.98219931080725                      
   0.75460585010883 0.995737036948762                      
   0.72056386201497 0.97975222566884                       
   0.69537979731394 0.98495108636815                       
   0.680188136261079 0.981624502481631                     
   0.650320172132284 0.9784721118889                       
   0.625290076696151 0.993138661927282                     
   0.330579629770639 0.987090416609048                     
   0.302929106414646 0.98993925908368                      
   0.265643610447518 0.984749861730001                     
   0.248481014634525 0.993436104601919                     
   0.225916152000638 0.991330415893085                     
   0.185062614969666 0.983548794554285                     
   0.160129462302588 0.995563070082776                     
   0.487318715318472 0.994922774032353                     
   0.445571054399548 0.982694745570084                     
   0.424302540984085 0.99391815934669                      
   0.398832390304904 0.99029555026315                      
   0.366115407382864 0.98352713099554                      
   0.00704398864945174 0.00591760339300206                 
                                                           