1 1
2 1
3 0
4 1
5 0
6 0
7 1
8 1
9 1
10 1
11 0
12 0
13 1
14 1
15 1
16 0
17 0
18 1
19 0
20 0
21 0
22 0
23 1
24 0
25 1
26 0
27 0
28 0
29 1
30 1
31 1
32 1
33 0
34 0
35 0
36 0
37 0
38 0
39 0
40 1
41 1
42 1
43 0
44 0
45 0
46 0
47 1
48 0
49 1
50 1
51 0
52 1
53 1
54 0
55 0
56 0
57 0
58 0
59 0
60 0
61 1
62 1
63 0
64 1
65 1
66 1
67 1
68 0
69 0
70 1
71 1
72 0
73 0
74 1
75 1
76 1
77 1
78 1
79 1
80 1
81 0
82 1
83 1
84 1
85 1
86 1
87 0
88 0
89 1
90 0
91 1
92 1
93 1
94 0
95 0
96 1
97 1
98 1
99 0
100 0
101 1
102 1
103 1
104 0
105 1
106 0
107 0
108 1
109 0
110 1
111 1
112 0
113 0
114 1
115 0
116 1
117 1
118 0
119 1
120 0
121 0
122 1
123 0
124 1
125 1
126 1
127 0
128 1
129 0
130 1
131 1
132 0
133 1
134 1
135 0
136 0
137 1
138 0
139 0
140 0
141 0
142 1
143 1
144 0
145 1
146 1
147 0
148 0
149 0
150 0
151 0
152 1
153 0
154 1
155 0
156 1
157 0
158 0
159 0
160 1
161 1
162 1
163 0
164 0
165 0
166 1
167 1
168 1
169 1
170 1
171 1
172 1
173 0
174 0
175 1
176 1
177 1
178 1
179 1
180 1
181 0
182 1
183 0
184 1
185 0
186 1
187 0
188 1
189 0
190 1
191 0
192 0
193 1
194 0
195 0
196 0
197 1
198 0
199 1
200 0
201 0
202 1
203 1
204 0
205 1
206 1
207 0
208 1
209 1
210 0
211 1
212 1
213 1
214 1
215 1
216 1
217 1
218 1
219 1
220 0
221 1
222 0
223 0
224 1
225 0
226 1
227 0
228 0
229 0
230 1
231 1
232 1
233 1
234 1
235 1
236 0
237 1
238 0
239 1
240 1
241 1
242 1
243 1
244 0
245 1
246 0
247 0
248 1
249 0
250 0
251 0
252 0
253 0
254 1
255 0
256 1
257 0
258 0
259 0
260 0
261 1
262 0
263 0
264 1
265 1
266 0
267 0
268 0
269 0
270 1
271 0
272 1
273 1
274 0
275 1
276 1
277 1
278 0
279 1
280 0
281 1
282 0
283 1
284 0
285 1
286 0
287 1
288 0
289 1
290 1
291 0
292 1
293 1
294 0
295 0
296 1
297 1
298 1
299 1
300 0
301 1
302 1
303 1
304 1
305 0
306 1
307 0
308 1
309 1
310 1
311 0
312 0
313 1
314 1
315 1
316 0
317 0
318 0
319 1
320 1
321 1
322 1
323 1
324 0
325 0
326 1
327 1
328 1
329 1
330 0
331 1
332 1
333 1
334 0
335 1
336 0
337 1
338 1
339 1
340 1
341 0
342 0
343 0
344 1
345 0
346 0
347 0
348 0
349 1
350 1
351 1
352 0
353 1
354 0
355 1
356 0
357 0
358 0
359 1
360 1
361 1
362 1
363 1
364 0
365 1
366 0
367 1
368 1
369 1
370 1
371 1
372 0
373 0
374 0
375 1
376 1
377 1
378 1
379 1
380 0
381 0
382 0
383 1
384 1
385 0
386 1
387 0
388 0
389 1
390 1
391 0
392 1
393 0
394 1
395 0
396 1
397 1
398 0
399 0
400 1
401 0
402 0
403 1
404 1
405 0
406 1
407 1
408 1
409 0
410 1
411 1
412 1
413 0
414 1
415 1
416 0
417 1
418 0
419 1
420 1
421 1
422 1
423 1
424 1
425 1
426 0
427 1
428 1
429 1
430 1
431 1
432 0
433 0
434 1
435 1
436 0
437 0
438 0
439 1
440 0
441 1
442 1
443 0
444 1
445 1
446 0
447 0
448 0
449 1
450 1
451 0
452 1
453 1
454 1
455 0
456 1
457 0
458 1
459 1
460 0
461 1
462 1
463 0
464 1
465 1
466 0
467 1
468 1
469 1
470 1
471 1
472 1
473 0
474 0
475 1
476 0
477 0
478 0
479 0
480 0
481 1
482 1
483 0
484 1
485 1
486 1
487 1
488 1
489 1
490 0
491 1
492 0
493 0
494 1
495 0
496 0
497 1
498 1
499 1
500 0
501 0
502 1
503 0
504 0
505 0
506 1
507 1
508 1
509 1
510 1
511 0
512 0
513 1
514 1
515 0
516 1
517 1
518 1
519 1
520 0
521 0
522 1
523 1
524 1
525 0
526 1
527 1
528 1
529 1
530 1
531 1
532 0
533 1
534 1
535 1
536 0
537 0
538 1
539 1
540 0
541 1
542 0
543 1
544 0
545 0
546 1
547 1
548 1
549 0
550 0
551 1
552 1
553 0
554 1
555 1
556 1
557 1
558 1
559 1
560 1
561 1
562 0
563 0
564 0
565 0
566 1
567 0
568 1
569 0
570 1
571 1
572 1
573 1
574 1
575 1
576 1
577 1
578 1
579 1
580 0
581 0
582 0
583 1
584 1
585 1
586 0
587 0
588 1
589 0
590 1
591 1
592 0
593 1
594 0
595 0

